9 10
1.186014980956298 7.021158455758519 0.3976386315188485 4.262387396923627 2.6137370784636884 4.510205473669702 4.638608655231785 2.3194131637689552 5.108059201592906 9.96435952050626 
8.559596920281285 4.0957965247452925 2.8839546542990977 2.079482550046011 4.570160063113128 1.5688539751858932 3.6896650385570275 3.1147457316191742 8.543303519867644 7.647636649834592 
6.53092859336051 5.835790254543158 0.21664034059910575 7.135682418686465 4.277954660800124 2.9752942784484846 2.476692701175711 1.2684524634870875 2.810721714218203 1.3279474433809768 
1.343046435810873 7.361404487757516 0.00856931651943671 0.8878562179901339 4.0257123794379845 3.5519168476442364 9.85294304899387 0.5399120642936694 3.2981855029447216 4.878044965991649 
9.18754435614871 5.7326761594873945 2.610336560627938 1.0093552121606664 7.268024853302853 0.28884733434101806 7.85941007224543 7.829851830036864 1.133757073863182 4.05039439469676 
8.54404080602807 4.7702704028992935 3.0471049318097743 0.40895291868966566 3.14534834874166 7.296783876469709 9.771006894933604 2.9380986426535727 1.0108008104012645 9.2854310747201 
7.293572856783318 8.322627329251901 5.760688040177849 3.1463403874648943 8.758793582993025 3.5709866545623035 3.2936789948314846 6.509087950797493 7.825343164637108 9.100520050718508 
0.837080496480197 3.0403015221536456 4.450853069056906 5.701199918608012 2.169060029239164 1.5368751253850421 5.18692118589403 2.612039091332469 8.134223933720243 1.8229360878754397 
5.470515160750024 5.985393659121608 0.8805984720038051 8.175965823351465 7.110316770451336 1.8678735835271765 4.865189619187191 1.017242025454107 0.19194385116777957 5.492605381552211 
